reci recn reclat recscale
 0 0 600 0
 0.012 0 600 0
 0.024 0 600 0
 0.036 1 128.85 0
 0.048 11 117.9 0
 0.06 13 113.4 0
 0.072 14 110.85 0
 0.084 16 109.175 0
 0.096 17 107.975 0
 0.108 18 107.075 0
 0.12 18 106.4 0
 0.132 19 105.825 0
 0.144 20 105.375 0
 0.156 20 105 0
 0.168 21 104.675 0
 0.18 21 104.4 0
 0.192 22 104.15 0
 0.204 22 103.95 0
 0.216 22 103.75 0
 0.228 23 103.6 0
 0.24 23 103.45 0
 0.252 23 103.3 0
 0.264 24 103.175 0
 0.276 24 103.075 0
 0.288 24 102.975 0
 0.3 25 102.875 0
 0.312 25 102.775 0
 0.324 25 102.7 0
 0.336 26 102.625 0
 0.348 26 102.575 0
 0.36 26 102.5 0
 0.372 27 102.45 0
 0.384 27 102.375 0
 0.396 27 102.325 0
 0.408 27 102.275 0
 0.42 28 102.225 0
 0.432 28 102.2 0
 0.444 28 102.15 0
 0.456 28 102.1 0
 0.468 29 102.075 0
 0.48 29 102.05 0
 0.492 29 102 0
 0.504 29 101.975 0
 0.516 29 101.95 0
 0.528 29 101.925 0
 0.54 29 101.9 0
 0.552 29 101.875 0
 0.564 1 101.85 0
 0.576 1 101.825 0
 0.588 1 101.8 0
 0.6 1 101.775 0
 0 0 600 0.001
 0.012 0 600 0.001
 0.024 0 600 0.001
 0.036 0 600 0.001
 0.048 1 169.55 0.001
 0.06 10 152.025 0.001
 0.072 12 141.5 0.001
 0.084 13 134.15 0.001
 0.096 15 128.6 0.001
 0.108 16 124.15 0.001
 0.12 17 120.475 0.001
 0.132 17 117.45 0.001
 0.144 18 109.325 0.001
 0.156 19 106.2 0.001
 0.168 19 105.4 0.001
 0.18 20 104.875 0.001
 0.192 20 104.5 0.001
 0.204 21 104.175 0.001
 0.216 21 103.925 0.001
 0.228 22 103.7 0.001
 0.24 22 103.525 0.001
 0.252 23 103.35 0.001
 0.264 23 103.225 0.001
 0.276 23 103.075 0.001
 0.288 24 102.975 0.001
 0.3 24 102.85 0.001
 0.312 24 102.775 0.001
 0.324 25 102.675 0.001
 0.336 25 102.6 0.001
 0.348 25 102.525 0.001
 0.36 26 102.45 0.001
 0.372 26 102.375 0.001
 0.384 26 102.325 0.001
 0.396 27 102.275 0.001
 0.408 27 102.2 0.001
 0.42 27 102.15 0.001
 0.432 28 102.125 0.001
 0.444 28 102.075 0.001
 0.456 28 102.025 0.001
 0.468 28 101.975 0.001
 0.48 29 101.95 0.001
 0.492 29 101.925 0.001
 0.504 29 101.875 0.001
 0.516 29 101.85 0.001
 0.528 29 101.825 0.001
 0.54 29 101.775 0.001
 0.552 29 101.75 0.001
 0.564 7 101.725 0.001
 0.576 6 101.7 0.001
 0.588 5 101.675 0.001
 0.6 5 101.65 0.001
 0 0 600 0.002
 0.012 0 600 0.002
 0.024 0 600 0.002
 0.036 0 600 0.002
 0.048 1 193.5 0.002
 0.06 8 173.525 0.002
 0.072 10 161.55 0.002
 0.084 12 153.25 0.002
 0.096 13 147.025 0.002
 0.108 14 142.1 0.002
 0.12 15 138.075 0.002
 0.132 16 134.675 0.002
 0.144 17 131.775 0.002
 0.156 18 129.225 0.002
 0.168 18 126.975 0.002
 0.18 19 124.95 0.002
 0.192 19 123.125 0.002
 0.204 20 121.475 0.002
 0.216 20 120 0.002
 0.228 21 104.325 0.002
 0.24 22 103.875 0.002
 0.252 22 103.6 0.002
 0.264 22 103.4 0.002
 0.276 23 103.225 0.002
 0.288 23 103.05 0.002
 0.3 24 102.925 0.002
 0.312 24 102.825 0.002
 0.324 24 102.7 0.002
 0.336 25 102.625 0.002
 0.348 25 102.525 0.002
 0.36 25 102.45 0.002
 0.372 26 102.375 0.002
 0.384 26 102.325 0.002
 0.396 26 102.25 0.002
 0.408 27 102.2 0.002
 0.42 27 102.15 0.002
 0.432 27 102.1 0.002
 0.444 27 102.05 0.002
 0.456 28 102 0.002
 0.468 28 101.95 0.002
 0.48 28 101.925 0.002
 0.492 28 101.875 0.002
 0.504 29 101.85 0.002
 0.516 29 101.825 0.002
 0.528 29 101.775 0.002
 0.54 29 101.75 0.002
 0.552 29 101.725 0.002
 0.564 8 101.7 0.002
 0.576 7 101.675 0.002
 0.588 6 101.65 0.002
 0.6 6 101.625 0.002
 0 0 600 0.003
 0.012 0 600 0.003
 0.024 0 600 0.003
 0.036 0 600 0.003
 0.048 1 210.425 0.003
 0.06 7 188.45 0.003
 0.072 9 175.25 0.003
 0.084 11 166.075 0.003
 0.096 12 159.225 0.003
 0.108 13 153.825 0.003
 0.12 14 149.425 0.003
 0.132 15 145.75 0.003
 0.144 16 142.6 0.003
 0.156 17 139.875 0.003
 0.168 18 137.45 0.003
 0.18 18 135.3 0.003
 0.192 19 133.35 0.003
 0.204 19 131.6 0.003
 0.216 20 129.975 0.003
 0.228 20 128.5 0.003
 0.24 21 127.125 0.003
 0.252 21 125.875 0.003
 0.264 22 124.725 0.003
 0.276 22 103.8 0.003
 0.288 23 103.35 0.003
 0.3 23 103.125 0.003
 0.312 24 102.95 0.003
 0.324 24 102.8 0.003
 0.336 24 102.7 0.003
 0.348 25 102.6 0.003
 0.36 25 102.5 0.003
 0.372 25 102.425 0.003
 0.384 26 102.35 0.003
 0.396 26 102.275 0.003
 0.408 26 102.2 0.003
 0.42 27 102.15 0.003
 0.432 27 102.1 0.003
 0.444 27 102.05 0.003
 0.456 27 102 0.003
 0.468 28 101.95 0.003
 0.48 28 101.925 0.003
 0.492 28 101.875 0.003
 0.504 28 101.85 0.003
 0.516 29 101.8 0.003
 0.528 29 101.775 0.003
 0.54 29 101.75 0.003
 0.552 28 101.7 0.003
 0.564 8 101.675 0.003
 0.576 7 101.65 0.003
 0.588 6 101.625 0.003
 0.6 6 101.6 0.003
 0 0 600 0.004
 0.012 0 600 0.004
 0.024 0 600 0.004
 0.036 0 600 0.004
 0.048 1 224.525 0.004
 0.06 6 200.75 0.004
 0.072 8 186.35 0.004
 0.084 10 176.375 0.004
 0.096 11 168.9 0.004
 0.108 13 163.05 0.004
 0.12 14 158.3 0.004
 0.132 15 154.325 0.004
 0.144 15 150.95 0.004
 0.156 16 148 0.004
 0.168 17 145.425 0.004
 0.18 18 143.15 0.004
 0.192 18 141.075 0.004
 0.204 19 139.225 0.004
 0.216 19 137.5 0.004
 0.228 20 135.95 0.004
 0.24 20 134.5 0.004
 0.252 21 133.175 0.004
 0.264 21 131.9 0.004
 0.276 22 130.75 0.004
 0.288 22 129.675 0.004
 0.3 22 128.675 0.004
 0.312 23 127.8 0.004
 0.324 24 103.125 0.004
 0.336 24 102.875 0.004
 0.348 24 102.725 0.004
 0.36 25 102.6 0.004
 0.372 25 102.475 0.004
 0.384 25 102.4 0.004
 0.396 26 102.325 0.004
 0.408 26 102.25 0.004
 0.42 26 102.175 0.004
 0.432 27 102.125 0.004
 0.444 27 102.075 0.004
 0.456 27 102.025 0.004
 0.468 27 101.975 0.004
 0.48 28 101.925 0.004
 0.492 28 101.875 0.004
 0.504 28 101.85 0.004
 0.516 28 101.8 0.004
 0.528 29 101.775 0.004
 0.54 29 101.725 0.004
 0.552 28 101.7 0.004
 0.564 8 101.675 0.004
 0.576 7 101.65 0.004
 0.588 6 101.625 0.004
 0.6 6 101.6 0.004
 0 0 600 0.005
 0.012 0 600 0.005
 0.024 0 600 0.005
 0.036 0 600 0.005
 0.048 1 237.025 0.005
 0.06 6 211.55 0.005
 0.072 8 196.075 0.005
 0.084 9 185.3 0.005
 0.096 11 177.225 0.005
 0.108 12 170.925 0.005
 0.12 13 165.8 0.005
 0.132 14 161.55 0.005
 0.144 15 157.925 0.005
 0.156 16 154.8 0.005
 0.168 16 152.05 0.005
 0.18 17 149.625 0.005
 0.192 18 147.45 0.005
 0.204 18 145.475 0.005
 0.216 19 143.675 0.005
 0.228 19 142.025 0.005
 0.24 20 140.525 0.005
 0.252 20 139.125 0.005
 0.264 21 137.8 0.005
 0.276 21 136.575 0.005
 0.288 22 135.45 0.005
 0.3 22 134.35 0.005
 0.312 22 133.375 0.005
 0.324 23 132.425 0.005
 0.336 23 131.55 0.005
 0.348 24 130.8 0.005
 0.36 24 102.85 0.005
 0.372 25 102.65 0.005
 0.384 25 102.5 0.005
 0.396 25 102.4 0.005
 0.408 26 102.3 0.005
 0.42 26 102.225 0.005
 0.432 26 102.15 0.005
 0.444 27 102.1 0.005
 0.456 27 102.025 0.005
 0.468 27 101.975 0.005
 0.48 27 101.925 0.005
 0.492 28 101.9 0.005
 0.504 28 101.85 0.005
 0.516 28 101.8 0.005
 0.528 28 101.775 0.005
 0.54 28 101.725 0.005
 0.552 28 101.7 0.005
 0.564 8 101.675 0.005
 0.576 7 101.65 0.005
 0.588 7 101.625 0.005
 0.6 6 101.575 0.005
 0 0 600 0.006
 0.012 0 600 0.006
 0.024 0 600 0.006
 0.036 0 600 0.006
 0.048 1 248.475 0.006
 0.06 6 221.425 0.006
 0.072 7 204.85 0.006
 0.084 9 193.325 0.006
 0.096 10 184.7 0.006
 0.108 11 177.95 0.006
 0.12 12 172.475 0.006
 0.132 13 167.925 0.006
 0.144 14 164.075 0.006
 0.156 15 160.75 0.006
 0.168 16 157.85 0.006
 0.18 17 155.275 0.006
 0.192 17 152.95 0.006
 0.204 18 150.875 0.006
 0.216 18 149 0.006
 0.228 19 147.275 0.006
 0.24 19 145.675 0.006
 0.252 20 144.2 0.006
 0.264 20 142.85 0.006
 0.276 21 141.575 0.006
 0.288 21 140.375 0.006
 0.3 22 139.25 0.006
 0.312 22 138.2 0.006
 0.324 22 137.2 0.006
 0.336 23 136.275 0.006
 0.348 23 135.375 0.006
 0.36 24 134.55 0.006
 0.372 24 133.8 0.006
 0.384 25 103.075 0.006
 0.396 25 102.575 0.006
 0.408 25 102.425 0.006
 0.42 26 102.3 0.006
 0.432 26 102.225 0.006
 0.444 26 102.125 0.006
 0.456 27 102.075 0.006
 0.468 27 102 0.006
 0.48 27 101.95 0.006
 0.492 27 101.9 0.006
 0.504 28 101.85 0.006
 0.516 28 101.825 0.006
 0.528 28 101.775 0.006
 0.54 28 101.75 0.006
 0.552 28 101.7 0.006
 0.564 8 101.675 0.006
 0.576 7 101.65 0.006
 0.588 7 101.625 0.006
 0.6 6 101.575 0.006
 0 0 600 0.007
 0.012 0 600 0.007
 0.024 0 600 0.007
 0.036 0 600 0.007
 0.048 4 259.15 0.007
 0.06 6 230.6 0.007
 0.072 7 213.025 0.007
 0.084 8 200.75 0.007
 0.096 10 191.575 0.007
 0.108 11 184.375 0.007
 0.12 12 178.575 0.007
 0.132 13 173.75 0.007
 0.144 14 169.65 0.007
 0.156 15 166.125 0.007
 0.168 15 163.05 0.007
 0.18 16 160.325 0.007
 0.192 17 157.9 0.007
 0.204 17 155.725 0.007
 0.216 18 153.725 0.007
 0.228 19 151.925 0.007
 0.24 19 150.25 0.007
 0.252 20 148.725 0.007
 0.264 20 147.3 0.007
 0.276 21 145.975 0.007
 0.288 21 144.725 0.007
 0.3 21 143.55 0.007
 0.312 22 142.45 0.007
 0.324 22 141.425 0.007
 0.336 23 140.425 0.007
 0.348 23 139.5 0.007
 0.36 23 138.625 0.007
 0.372 24 137.8 0.007
 0.384 24 137.025 0.007
 0.396 24 136.3 0.007
 0.408 25 135.7 0.007
 0.42 26 102.525 0.007
 0.432 26 102.325 0.007
 0.444 26 102.225 0.007
 0.456 26 102.125 0.007
 0.468 27 102.05 0.007
 0.48 27 102 0.007
 0.492 27 101.925 0.007
 0.504 27 101.875 0.007
 0.516 28 101.825 0.007
 0.528 28 101.8 0.007
 0.54 28 101.75 0.007
 0.552 28 101.725 0.007
 0.564 9 101.675 0.007
 0.576 7 101.65 0.007
 0.588 7 101.625 0.007
 0.6 6 101.6 0.007
 0 0 600 0.008
 0.012 0 600 0.008
 0.024 0 600 0.008
 0.036 0 600 0.008
 0.048 4 269.275 0.008
 0.06 5 239.25 0.008
 0.072 7 220.7 0.008
 0.084 8 207.725 0.008
 0.096 9 198 0.008
 0.108 10 190.375 0.008
 0.12 11 184.225 0.008
 0.132 12 179.125 0.008
 0.144 13 174.8 0.008
 0.156 14 171.075 0.008
 0.168 15 167.825 0.008
 0.18 16 164.975 0.008
 0.192 16 162.425 0.008
 0.204 17 160.125 0.008
 0.216 18 158.05 0.008
 0.228 18 156.15 0.008
 0.24 19 154.4 0.008
 0.252 19 152.8 0.008
 0.264 20 151.325 0.008
 0.276 20 149.925 0.008
 0.288 21 148.65 0.008
 0.3 21 147.425 0.008
 0.312 22 146.275 0.008
 0.324 22 145.2 0.008
 0.336 22 144.175 0.008
 0.348 23 143.225 0.008
 0.36 23 142.3 0.008
 0.372 23 141.425 0.008
 0.384 24 140.625 0.008
 0.396 24 139.85 0.008
 0.408 24 139.1 0.008
 0.42 25 138.425 0.008
 0.432 25 137.825 0.008
 0.444 26 102.475 0.008
 0.456 26 102.25 0.008
 0.468 27 102.125 0.008
 0.48 27 102.05 0.008
 0.492 27 101.975 0.008
 0.504 27 101.925 0.008
 0.516 28 101.875 0.008
 0.528 28 101.825 0.008
 0.54 28 101.775 0.008
 0.552 28 101.725 0.008
 0.564 9 101.7 0.008
 0.576 7 101.65 0.008
 0.588 7 101.625 0.008
 0.6 6 101.6 0.008
 0 0 600 0.009
 0.012 0 600 0.009
 0.024 0 600 0.009
 0.036 0 600 0.009
 0.048 4 278.95 0.009
 0.06 5 247.5 0.009
 0.072 6 228 0.009
 0.084 8 214.325 0.009
 0.096 9 204.075 0.009
 0.108 10 196.05 0.009
 0.12 11 189.55 0.009
 0.132 12 184.175 0.009
 0.144 13 179.625 0.009
 0.156 14 175.7 0.009
 0.168 15 172.3 0.009
 0.18 15 169.275 0.009
 0.192 16 166.6 0.009
 0.204 17 164.2 0.009
 0.216 17 162.025 0.009
 0.228 18 160.05 0.009
 0.24 18 158.225 0.009
 0.252 19 156.575 0.009
 0.264 19 155.025 0.009
 0.276 20 153.575 0.009
 0.288 20 152.225 0.009
 0.3 21 150.975 0.009
 0.312 21 149.775 0.009
 0.324 22 148.675 0.009
 0.336 22 147.6 0.009
 0.348 22 146.6 0.009
 0.36 23 145.65 0.009
 0.372 23 144.75 0.009
 0.384 24 143.9 0.009
 0.396 24 143.1 0.009
 0.408 24 142.325 0.009
 0.42 25 141.575 0.009
 0.432 25 140.9 0.009
 0.444 25 140.25 0.009
 0.456 25 139.675 0.009
 0.468 26 102.4 0.009
 0.48 27 102.175 0.009
 0.492 27 102.05 0.009
 0.504 27 101.975 0.009
 0.516 27 101.9 0.009
 0.528 28 101.85 0.009
 0.54 28 101.8 0.009
 0.552 27 101.75 0.009
 0.564 9 101.7 0.009
 0.576 7 101.675 0.009
 0.588 7 101.65 0.009
 0.6 6 101.6 0.009
 0 0 600 0.01
 0.012 0 600 0.01
 0.024 0 600 0.01
 0.036 0 600 0.01
 0.048 3 288.25 0.01
 0.06 5 255.4 0.01
 0.072 6 234.975 0.01
 0.084 7 220.625 0.01
 0.096 9 209.85 0.01
 0.108 10 201.425 0.01
 0.12 11 194.6 0.01
 0.132 12 188.95 0.01
 0.144 12 184.175 0.01
 0.156 13 180.075 0.01
 0.168 14 176.5 0.01
 0.18 15 173.35 0.01
 0.192 16 170.55 0.01
 0.204 16 168.025 0.01
 0.216 17 165.775 0.01
 0.228 18 163.7 0.01
 0.24 18 161.8 0.01
 0.252 19 160.075 0.01
 0.264 19 158.45 0.01
 0.276 20 156.95 0.01
 0.288 20 155.55 0.01
 0.3 21 154.25 0.01
 0.312 21 153.025 0.01
 0.324 21 151.875 0.01
 0.336 22 150.775 0.01
 0.348 22 149.75 0.01
 0.36 23 148.75 0.01
 0.372 23 147.825 0.01
 0.384 23 146.95 0.01
 0.396 24 146.1 0.01
 0.408 24 145.3 0.01
 0.42 24 144.525 0.01
 0.432 25 143.8 0.01
 0.444 25 143.1 0.01
 0.456 25 142.45 0.01
 0.468 26 141.85 0.01
 0.48 26 141.35 0.01
 0.492 27 102.275 0.01
 0.504 27 102.075 0.01
 0.516 27 101.975 0.01
 0.528 27 101.9 0.01
 0.54 27 101.825 0.01
 0.552 27 101.775 0.01
 0.564 9 101.725 0.01
 0.576 8 101.7 0.01
 0.588 7 101.65 0.01
 0.6 6 101.625 0.01
 0 0 600 0.011
 0.012 0 600 0.011
 0.024 0 600 0.011
 0.036 0 600 0.011
 0.048 3 297.225 0.011
 0.06 5 263.025 0.011
 0.072 6 241.7 0.011
 0.084 7 226.675 0.011
 0.096 8 215.4 0.011
 0.108 9 206.575 0.011
 0.12 10 199.45 0.011
 0.132 11 193.525 0.011
 0.144 12 188.525 0.011
 0.156 13 184.225 0.011
 0.168 14 180.5 0.011
 0.18 15 177.2 0.011
 0.192 15 174.275 0.011
 0.204 16 171.65 0.011
 0.216 17 169.3 0.011
 0.228 17 167.15 0.011
 0.24 18 165.175 0.011
 0.252 18 163.35 0.011
 0.264 19 161.7 0.011
 0.276 19 160.125 0.011
 0.288 20 158.675 0.011
 0.3 20 157.325 0.011
 0.312 21 156.075 0.011
 0.324 21 154.875 0.011
 0.336 22 153.725 0.011
 0.348 22 152.675 0.011
 0.36 22 151.65 0.011
 0.372 23 150.7 0.011
 0.384 23 149.775 0.011
 0.396 24 148.9 0.011
 0.408 24 148.075 0.011
 0.42 24 147.275 0.011
 0.432 25 146.525 0.011
 0.444 25 145.8 0.011
 0.456 25 145.1 0.011
 0.468 25 144.45 0.011
 0.48 26 143.825 0.011
 0.492 26 143.275 0.011
 0.504 26 142.85 0.011
 0.516 27 102.15 0.011
 0.528 27 101.975 0.011
 0.54 27 101.9 0.011
 0.552 27 101.825 0.011
 0.564 9 101.775 0.011
 0.576 8 101.725 0.011
 0.588 7 101.675 0.011
 0.6 6 101.625 0.011
 0 0 600 0.012
 0.012 0 600 0.012
 0.024 0 600 0.012
 0.036 0 600 0.012
 0.048 3 305.925 0.012
 0.06 5 270.4 0.012
 0.072 6 248.175 0.012
 0.084 7 232.525 0.012
 0.096 8 220.775 0.012
 0.108 9 211.55 0.012
 0.12 10 204.1 0.012
 0.132 11 197.925 0.012
 0.144 12 192.7 0.012
 0.156 13 188.225 0.012
 0.168 13 184.325 0.012
 0.18 14 180.9 0.012
 0.192 15 177.85 0.012
 0.204 16 175.125 0.012
 0.216 16 172.65 0.012
 0.228 17 170.425 0.012
 0.24 18 168.375 0.012
 0.252 18 166.5 0.012
 0.264 19 164.75 0.012
 0.276 19 163.15 0.012
 0.288 20 161.65 0.012
 0.3 20 160.25 0.012
 0.312 21 158.925 0.012
 0.324 21 157.7 0.012
 0.336 21 156.525 0.012
 0.348 22 155.425 0.012
 0.36 22 154.375 0.012
 0.372 23 153.375 0.012
 0.384 23 152.45 0.012
 0.396 23 151.525 0.012
 0.408 24 150.675 0.012
 0.42 24 149.85 0.012
 0.432 24 149.075 0.012
 0.444 25 148.325 0.012
 0.456 25 147.625 0.012
 0.468 25 146.925 0.012
 0.48 26 146.275 0.012
 0.492 26 145.65 0.012
 0.504 26 145.075 0.012
 0.516 26 144.55 0.012
 0.528 27 101.85 0.012
 0.54 27 102.025 0.012
 0.552 27 101.9 0.012
 0.564 9 101.8 0.012
 0.576 8 101.75 0.012
 0.588 7 101.7 0.012
 0.6 6 101.65 0.012
 0 0 600 0.013
 0.012 0 600 0.013
 0.024 0 600 0.013
 0.036 0 600 0.013
 0.048 3 314.4 0.013
 0.06 4 277.575 0.013
 0.072 6 254.5 0.013
 0.084 7 238.2 0.013
 0.096 8 225.975 0.013
 0.108 9 216.375 0.013
 0.12 10 208.6 0.013
 0.132 11 202.15 0.013
 0.144 12 196.725 0.013
 0.156 12 192.05 0.013
 0.168 13 188 0.013
 0.18 14 184.425 0.013
 0.192 15 181.275 0.013
 0.204 15 178.425 0.013
 0.216 16 175.875 0.013
 0.228 17 173.55 0.013
 0.24 17 171.425 0.013
 0.252 18 169.475 0.013
 0.264 18 167.675 0.013
 0.276 19 166.025 0.013
 0.288 19 164.45 0.013
 0.3 20 163 0.013
 0.312 20 161.65 0.013
 0.324 21 160.375 0.013
 0.336 21 159.175 0.013
 0.348 22 158.025 0.013
 0.36 22 156.95 0.013
 0.372 22 155.925 0.013
 0.384 23 154.95 0.013
 0.396 23 154.025 0.013
 0.408 24 153.15 0.013
 0.42 24 152.3 0.013
 0.432 24 151.5 0.013
 0.444 25 150.725 0.013
 0.456 25 149.975 0.013
 0.468 25 149.275 0.013
 0.48 25 148.6 0.013
 0.492 26 147.95 0.013
 0.504 26 147.325 0.013
 0.516 26 146.75 0.013
 0.528 26 146.2 0.013
 0.54 26 145.75 0.013
 0.552 27 102.225 0.013
 0.564 9 101.9 0.013
 0.576 8 101.8 0.013
 0.588 7 101.75 0.013
 0.6 7 101.675 0.013
 0 0 600 0.014
 0.012 0 600 0.014
 0.024 0 600 0.014
 0.036 0 600 0.014
 0.048 3 322.7 0.014
 0.06 4 284.575 0.014
 0.072 5 260.625 0.014
 0.084 7 243.725 0.014
 0.096 8 231.025 0.014
 0.108 9 221.025 0.014
 0.12 10 212.95 0.014
 0.132 10 206.275 0.014
 0.144 11 200.625 0.014
 0.156 12 195.775 0.014
 0.168 13 191.55 0.014
 0.18 14 187.85 0.014
 0.192 14 184.55 0.014
 0.204 15 181.625 0.014
 0.216 16 178.975 0.014
 0.228 16 176.55 0.014
 0.24 17 174.375 0.014
 0.252 18 172.35 0.014
 0.264 18 170.475 0.014
 0.276 19 168.75 0.014
 0.288 19 167.15 0.014
 0.3 20 165.65 0.014
 0.312 20 164.25 0.014
 0.324 21 162.95 0.014
 0.336 21 161.7 0.014
 0.348 22 160.525 0.014
 0.36 22 159.425 0.014
 0.372 22 158.35 0.014
 0.384 23 157.35 0.014
 0.396 23 156.4 0.014
 0.408 23 155.5 0.014
 0.42 24 154.625 0.014
 0.432 24 153.8 0.014
 0.444 24 153 0.014
 0.456 25 152.225 0.014
 0.468 25 151.5 0.014
 0.48 25 150.8 0.014
 0.492 26 150.15 0.014
 0.504 26 149.5 0.014
 0.516 26 148.875 0.014
 0.528 26 148.3 0.014
 0.54 26 147.75 0.014
 0.552 26 147.25 0.014
 0.564 9 101.675 0.014
 0.576 8 101.975 0.014
 0.588 7 101.825 0.014
 0.6 7 101.725 0.014
 0 0 600 0.015
 0.012 0 600 0.015
 0.024 0 600 0.015
 0.036 0 600 0.015
 0.048 3 330.8 0.015
 0.06 4 291.4 0.015
 0.072 5 266.625 0.015
 0.084 6 249.1 0.015
 0.096 7 235.925 0.015
 0.108 8 225.575 0.015
 0.12 9 217.2 0.015
 0.132 10 210.275 0.015
 0.144 11 204.4 0.015
 0.156 12 199.375 0.015
 0.168 13 195 0.015
 0.18 13 191.15 0.015
 0.192 14 187.75 0.015
 0.204 15 184.7 0.015
 0.216 16 181.95 0.015
 0.228 16 179.475 0.015
 0.24 17 177.2 0.015
 0.252 17 175.1 0.015
 0.264 18 173.175 0.015
 0.276 19 171.4 0.015
 0.288 19 169.75 0.015
 0.3 20 168.2 0.015
 0.312 20 166.75 0.015
 0.324 20 165.4 0.015
 0.336 21 164.125 0.015
 0.348 21 162.925 0.015
 0.36 22 161.775 0.015
 0.372 22 160.675 0.015
 0.384 23 159.65 0.015
 0.396 23 158.675 0.015
 0.408 23 157.725 0.015
 0.42 24 156.85 0.015
 0.432 24 156 0.015
 0.444 24 155.175 0.015
 0.456 25 154.375 0.015
 0.468 25 153.625 0.015
 0.48 25 152.925 0.015
 0.492 25 152.225 0.015
 0.504 26 151.575 0.015
 0.516 26 150.925 0.015
 0.528 26 150.325 0.015
 0.54 26 149.75 0.015
 0.552 26 149.2 0.015
 0.564 8 148.675 0.015
 0.576 7 148.25 0.015
 0.588 7 101.85 0.015
 0.6 7 101.825 0.015
 0 0 600 0.016
 0.012 0 600 0.016
 0.024 0 600 0.016
 0.036 0 600 0.016
 0.048 3 338.775 0.016
 0.06 4 298.1 0.016
 0.072 5 272.475 0.016
 0.084 6 254.375 0.016
 0.096 7 240.725 0.016
 0.108 8 230.025 0.016
 0.12 9 221.35 0.016
 0.132 10 214.15 0.016
 0.144 11 208.1 0.016
 0.156 12 202.875 0.016
 0.168 12 198.35 0.016
 0.18 13 194.375 0.016
 0.192 14 190.85 0.016
 0.204 15 187.7 0.016
 0.216 15 184.85 0.016
 0.228 16 182.3 0.016
 0.24 17 179.925 0.016
 0.252 17 177.775 0.016
 0.264 18 175.8 0.016
 0.276 18 173.95 0.016
 0.288 19 172.25 0.016
 0.3 19 170.65 0.016
 0.312 20 169.175 0.016
 0.324 20 167.775 0.016
 0.336 21 166.45 0.016
 0.348 21 165.2 0.016
 0.36 22 164.025 0.016
 0.372 22 162.925 0.016
 0.384 22 161.85 0.016
 0.396 23 160.85 0.016
 0.408 23 159.9 0.016
 0.42 23 158.975 0.016
 0.432 24 158.1 0.016
 0.444 24 157.25 0.016
 0.456 24 156.45 0.016
 0.468 25 155.675 0.016
 0.48 25 154.95 0.016
 0.492 25 154.225 0.016
 0.504 26 153.55 0.016
 0.516 26 152.9 0.016
 0.528 26 152.275 0.016
 0.54 26 151.675 0.016
 0.552 26 151.1 0.016
 0.564 8 150.55 0.016
 0.576 7 150.025 0.016
 0.588 6 149.575 0.016
 0.6 7 101.6 0.016
 0 0 600 0.017
 0.012 0 600 0.017
 0.024 0 600 0.017
 0.036 0 600 0.017
 0.048 3 346.6 0.017
 0.06 4 304.65 0.017
 0.072 5 278.225 0.017
 0.084 6 259.525 0.017
 0.096 7 245.425 0.017
 0.108 8 234.35 0.017
 0.12 9 225.4 0.017
 0.132 10 217.975 0.017
 0.144 11 211.675 0.017
 0.156 11 206.3 0.017
 0.168 12 201.625 0.017
 0.18 13 197.525 0.017
 0.192 14 193.875 0.017
 0.204 14 190.625 0.017
 0.216 15 187.675 0.017
 0.228 16 185.025 0.017
 0.24 16 182.6 0.017
 0.252 17 180.375 0.017
 0.264 18 178.325 0.017
 0.276 18 176.425 0.017
 0.288 19 174.675 0.017
 0.3 19 173.025 0.017
 0.312 20 171.5 0.017
 0.324 20 170.05 0.017
 0.336 21 168.7 0.017
 0.348 21 167.425 0.017
 0.36 21 166.225 0.017
 0.372 22 165.075 0.017
 0.384 22 163.975 0.017
 0.396 23 162.95 0.017
 0.408 23 161.975 0.017
 0.42 23 161.025 0.017
 0.432 24 160.125 0.017
 0.444 24 159.25 0.017
 0.456 24 158.425 0.017
 0.468 25 157.65 0.017
 0.48 25 156.875 0.017
 0.492 25 156.15 0.017
 0.504 25 155.45 0.017
 0.516 26 154.8 0.017
 0.528 26 154.15 0.017
 0.54 26 153.525 0.017
 0.552 26 152.925 0.017
 0.564 8 152.35 0.017
 0.576 7 151.8 0.017
 0.588 6 151.3 0.017
 0.6 6 150.825 0.017
 0 0 600 0.018
 0.012 0 600 0.018
 0.024 0 600 0.018
 0.036 0 600 0.018
 0.048 3 354.3 0.018
 0.06 4 311.1 0.018
 0.072 5 283.85 0.018
 0.084 6 264.55 0.018
 0.096 7 250.025 0.018
 0.108 8 238.6 0.018
 0.12 9 229.35 0.018
 0.132 10 221.675 0.018
 0.144 10 215.2 0.018
 0.156 11 209.65 0.018
 0.168 12 204.825 0.018
 0.18 13 200.575 0.018
 0.192 13 196.825 0.018
 0.204 14 193.45 0.018
 0.216 15 190.425 0.018
 0.228 16 187.7 0.018
 0.24 16 185.175 0.018
 0.252 17 182.9 0.018
 0.264 17 180.8 0.018
 0.276 18 178.85 0.018
 0.288 18 177.025 0.018
 0.3 19 175.35 0.018
 0.312 19 173.75 0.018
 0.324 20 172.275 0.018
 0.336 20 170.9 0.018
 0.348 21 169.575 0.018
 0.36 21 168.325 0.018
 0.372 22 167.15 0.018
 0.384 22 166.05 0.018
 0.396 22 164.975 0.018
 0.408 23 163.975 0.018
 0.42 23 163 0.018
 0.432 24 162.075 0.018
 0.444 24 161.2 0.018
 0.456 24 160.35 0.018
 0.468 24 159.55 0.018
 0.48 25 158.75 0.018
 0.492 25 158.025 0.018
 0.504 25 157.3 0.018
 0.516 26 156.6 0.018
 0.528 26 155.95 0.018
 0.54 26 155.3 0.018
 0.552 26 154.7 0.018
 0.564 8 154.1 0.018
 0.576 7 153.525 0.018
 0.588 6 153 0.018
 0.6 6 152.475 0.018
 0 0 600 0.019
 0.012 0 600 0.019
 0.024 0 600 0.019
 0.036 0 600 0.019
 0.048 3 361.925 0.019
 0.06 4 317.45 0.019
 0.072 5 289.375 0.019
 0.084 6 269.525 0.019
 0.096 7 254.55 0.019
 0.108 8 242.775 0.019
 0.12 9 233.225 0.019
 0.132 9 225.325 0.019
 0.144 10 218.65 0.019
 0.156 11 212.925 0.019
 0.168 12 207.925 0.019
 0.18 12 203.575 0.019
 0.192 13 199.7 0.019
 0.204 14 196.225 0.019
 0.216 15 193.1 0.019
 0.228 15 190.3 0.019
 0.24 16 187.725 0.019
 0.252 17 185.35 0.019
 0.264 17 183.175 0.019
 0.276 18 181.175 0.019
 0.288 18 179.325 0.019
 0.3 19 177.575 0.019
 0.312 19 175.95 0.019
 0.324 20 174.45 0.019
 0.336 20 173 0.019
 0.348 21 171.65 0.019
 0.36 21 170.4 0.019
 0.372 22 169.175 0.019
 0.384 22 168.025 0.019
 0.396 22 166.95 0.019
 0.408 23 165.9 0.019
 0.42 23 164.925 0.019
 0.432 23 163.975 0.019
 0.444 24 163.075 0.019
 0.456 24 162.2 0.019
 0.468 24 161.375 0.019
 0.48 25 160.575 0.019
 0.492 25 159.8 0.019
 0.504 25 159.075 0.019
 0.516 25 158.375 0.019
 0.528 26 157.7 0.019
 0.54 26 157.05 0.019
 0.552 26 156.4 0.019
 0.564 8 155.8 0.019
 0.576 7 155.225 0.019
 0.588 6 154.65 0.019
 0.6 6 154.125 0.019
 0 0 600 0.02
 0.012 0 600 0.02
 0.024 0 600 0.02
 0.036 0 600 0.02
 0.048 2 369.425 0.02
 0.06 4 323.7 0.02
 0.072 5 294.825 0.02
 0.084 6 274.4 0.02
 0.096 7 258.975 0.02
 0.108 8 246.85 0.02
 0.12 8 237.05 0.02
 0.132 9 228.9 0.02
 0.144 10 222.025 0.02
 0.156 11 216.125 0.02
 0.168 12 211 0.02
 0.18 12 206.5 0.02
 0.192 13 202.5 0.02
 0.204 14 198.95 0.02
 0.216 14 195.725 0.02
 0.228 15 192.825 0.02
 0.24 16 190.175 0.02
 0.252 16 187.75 0.02
 0.264 17 185.525 0.02
 0.276 18 183.475 0.02
 0.288 18 181.55 0.02
 0.3 19 179.775 0.02
 0.312 19 178.1 0.02
 0.324 20 176.55 0.02
 0.336 20 175.075 0.02
 0.348 21 173.7 0.02
 0.36 21 172.375 0.02
 0.372 21 171.15 0.02
 0.384 22 169.975 0.02
 0.396 22 168.85 0.02
 0.408 23 167.8 0.02
 0.42 23 166.775 0.02
 0.432 23 165.825 0.02
 0.444 24 164.9 0.02
 0.456 24 164 0.02
 0.468 24 163.15 0.02
 0.48 25 162.325 0.02
 0.492 25 161.55 0.02
 0.504 25 160.8 0.02
 0.516 25 160.075 0.02
 0.528 26 159.375 0.02
 0.54 26 158.725 0.02
 0.552 26 158.075 0.02
 0.564 9 157.45 0.02
 0.576 7 156.85 0.02
 0.588 6 156.275 0.02
 0.6 6 155.7 0.02
